0 0.0 0.0 1.0 100000.0 0.02
1 0.0 0.0 1.0 100000.0 0.012
2 0.0 0.0 1.0 100000.0 0.02
3 0.0 0.0 1.0 100000.0 0.012
4 0.0 0.0 1.0 100000.0 0.02
5 0.0 0.0 1.0 100000.0 0.012
6 0.0 0.0 1.0 100000.0 0.02
7 0.0 0.0 1.0 100000.0 0.012
8 0.0 0.0 1.0 100000.0 0.02
9 0.0 0.0 1.0 100000.0 0.012
10 0.0 0.0 1.0 100000.0 0.02
11 0.0 0.0 1.0 100000.0 0.012
12 0.0 0.0 1.0 100000.0 0.02
13 0.0 0.0 1.0 100000.0 0.012
14 0.0 0.0 1.0 100000.0 0.02
15 0.0 0.0 1.0 100000.0 0.012
16 0.0 0.0 1.0 100000.0 0.02
17 0.0 0.0 1.0 100000.0 0.012
18 0.0 0.0 1.0 100000.0 0.02
19 0.0 0.0 1.0 100000.0 0.012
20 0.0 0.0 1.0 100000.0 0.02
21 0.0 0.0 1.0 100000.0 0.012
22 0.0 0.0 1.0 100000.0 0.02
23 0.0 0.0 1.0 100000.0 0.012
24 0.0 0.0 1.0 100000.0 0.02
25 0.0 0.0 1.0 100000.0 0.012
0 0.0 0.0 1.0 100000.0 0.02
1 0.0 0.0 1.0 100000.0 0.012
2 0.0 0.0 1.0 100000.0 0.02
3 0.0 0.0 1.0 100000.0 0.012
4 0.0 0.0 1.0 100000.0 0.02
5 0.0 0.0 1.0 100000.0 0.012
6 0.0 0.0 1.0 100000.0 0.02
7 0.0 0.0 1.0 100000.0 0.012
8 0.0 0.0 1.0 100000.0 0.02
9 0.0 0.0 1.0 100000.0 0.012
10 0.0 0.0 1.0 100000.0 0.02
11 0.0 0.0 1.0 100000.0 0.012
12 0.0 0.0 1.0 100000.0 0.02
13 0.0 0.0 1.0 100000.0 0.012
14 0.0 0.0 1.0 100000.0 0.02
15 0.0 0.0 1.0 100000.0 0.012
16 0.0 0.0 1.0 100000.0 0.02
17 0.0 0.0 1.0 100000.0 0.012
18 0.0 0.0 1.0 100000.0 0.02
19 0.0 0.0 1.0 100000.0 0.012
20 0.0 0.0 1.0 100000.0 0.02
21 0.0 0.0 1.0 100000.0 0.012
22 0.0 0.0 1.0 100000.0 0.02
23 0.0 0.0 1.0 100000.0 0.012
24 0.0 0.0 1.0 100000.0 0.02
25 0.0 0.0 1.0 100000.0 0.012
0 0.0 0.0 1.0 100000.0 0.02
1 0.0 0.0 1.0 100000.0 0.012
2 0.0 0.0 1.0 100000.0 0.02
3 0.0 0.0 1.0 100000.0 0.012
4 0.0 0.0 1.0 100000.0 0.02
5 0.0 0.0 1.0 100000.0 0.012
6 0.0 0.0 1.0 100000.0 0.02
7 0.0 0.0 1.0 100000.0 0.012
8 0.0 0.0 1.0 100000.0 0.02
9 0.0 0.0 1.0 100000.0 0.012
10 0.0 0.0 1.0 100000.0 0.02
11 0.0 0.0 1.0 100000.0 0.012
12 0.0 0.0 1.0 100000.0 0.02
13 0.0 0.0 1.0 100000.0 0.012
14 0.0 0.0 1.0 100000.0 0.02
15 0.0 0.0 1.0 100000.0 0.012
16 0.0 0.0 1.0 100000.0 0.02
17 0.0 0.0 1.0 100000.0 0.012
18 0.0 0.0 1.0 100000.0 0.02
19 0.0 0.0 1.0 100000.0 0.012
20 0.0 0.0 1.0 100000.0 0.02
21 0.0 0.0 1.0 100000.0 0.012
22 0.0 0.0 1.0 100000.0 0.02
23 0.0 0.0 1.0 100000.0 0.012
24 0.0 0.0 1.0 100000.0 0.02
25 0.0 0.0 1.0 100000.0 0.012
0 0.0 0.0 1.0 100000.0 0.02
1 0.0 0.0 1.0 100000.0 0.012
2 0.0 0.0 1.0 100000.0 0.02
3 0.0 0.0 1.0 100000.0 0.012
4 0.0 0.0 1.0 100000.0 0.02
5 0.0 0.0 1.0 100000.0 0.012
6 0.0 0.0 1.0 100000.0 0.02
7 0.0 0.0 1.0 100000.0 0.012
8 0.0 0.0 1.0 100000.0 0.02
9 0.0 0.0 1.0 100000.0 0.012
10 0.0 0.0 1.0 100000.0 0.02
11 0.0 0.0 1.0 100000.0 0.012
12 0.0 0.0 1.0 100000.0 0.02
13 0.0 0.0 1.0 100000.0 0.012
14 0.0 0.0 1.0 100000.0 0.02
15 0.0 0.0 1.0 100000.0 0.012
16 0.0 0.0 1.0 100000.0 0.02
17 0.0 0.0 1.0 100000.0 0.012
18 0.0 0.0 1.0 100000.0 0.02
19 0.0 0.0 1.0 100000.0 0.012
20 0.0 0.0 1.0 100000.0 0.02
21 0.0 0.0 1.0 100000.0 0.012
22 0.0 0.0 1.0 100000.0 0.02
23 0.0 0.0 1.0 100000.0 0.012
24 0.0 0.0 1.0 100000.0 0.02
25 0.0 0.0 1.0 100000.0 0.012
0 0.0 0.0 1.0 100000.0 0.02
1 0.0 0.0 1.0 100000.0 0.012
2 0.0 0.0 1.0 100000.0 0.02
3 0.0 0.0 1.0 100000.0 0.012
4 0.0 0.0 1.0 100000.0 0.02
5 0.0 0.0 1.0 100000.0 0.012
6 0.0 0.0 1.0 100000.0 0.02
7 0.0 0.0 1.0 100000.0 0.012
8 0.0 0.0 1.0 100000.0 0.02
9 0.0 0.0 1.0 100000.0 0.012
10 0.0 0.0 1.0 100000.0 0.02
11 0.0 0.0 1.0 100000.0 0.012
12 0.0 0.0 1.0 100000.0 0.02
13 0.0 0.0 1.0 100000.0 0.012
14 0.0 0.0 1.0 100000.0 0.02
15 0.0 0.0 1.0 100000.0 0.012
16 0.0 0.0 1.0 100000.0 0.02
17 0.0 0.0 1.0 100000.0 0.012
18 0.0 0.0 1.0 100000.0 0.02
19 0.0 0.0 1.0 100000.0 0.012
20 0.0 0.0 1.0 100000.0 0.02
21 0.0 0.0 1.0 100000.0 0.012
22 0.0 0.0 1.0 100000.0 0.02
23 0.0 0.0 1.0 100000.0 0.012
24 0.0 0.0 1.0 100000.0 0.02
25 0.0 0.0 1.0 100000.0 0.012
0 0.0 0.0 1.0 100000.0 0.02
1 0.0 0.0 1.0 100000.0 0.012
2 0.0 0.0 1.0 100000.0 0.02
3 0.0 0.0 1.0 100000.0 0.012
4 0.0 0.0 1.0 100000.0 0.02
5 0.0 0.0 1.0 100000.0 0.012
6 0.0 0.0 1.0 100000.0 0.02
7 0.0 0.0 1.0 100000.0 0.012
8 0.0 0.0 1.0 100000.0 0.02
9 0.0 0.0 1.0 100000.0 0.012
10 0.0 0.0 1.0 100000.0 0.02
11 0.0 0.0 1.0 100000.0 0.012
12 0.0 0.0 1.0 100000.0 0.02
13 0.0 0.0 1.0 100000.0 0.012
14 0.0 0.0 1.0 100000.0 0.02
15 0.0 0.0 1.0 100000.0 0.012
16 0.0 0.0 1.0 100000.0 0.02
17 0.0 0.0 1.0 100000.0 0.012
18 0.0 0.0 1.0 100000.0 0.02
19 0.0 0.0 1.0 100000.0 0.012
20 0.0 0.0 1.0 100000.0 0.02
21 0.0 0.0 1.0 100000.0 0.012
22 0.0 0.0 1.0 100000.0 0.02
23 0.0 0.0 1.0 100000.0 0.012
24 0.0 0.0 1.0 100000.0 0.02
25 0.0 0.0 1.0 100000.0 0.012
0 0.0 0.0 1.0 100000.0 0.02
1 0.0 0.0 1.0 100000.0 0.012
2 0.0 0.0 1.0 100000.0 0.02
3 0.0 0.0 1.0 100000.0 0.012
4 0.0 0.0 1.0 100000.0 0.02
5 0.0 0.0 1.0 100000.0 0.012
6 0.0 0.0 1.0 100000.0 0.02
7 0.0 0.0 1.0 100000.0 0.012
8 0.0 0.0 1.0 100000.0 0.02
9 0.0 0.0 1.0 100000.0 0.012
10 0.0 0.0 1.0 100000.0 0.02
11 0.0 0.0 1.0 100000.0 0.012
12 0.0 0.0 1.0 100000.0 0.02
13 0.0 0.0 1.0 100000.0 0.012
14 0.0 0.0 1.0 100000.0 0.02
15 0.0 0.0 1.0 100000.0 0.012
16 0.0 0.0 1.0 100000.0 0.02
17 0.0 0.0 1.0 100000.0 0.012
18 0.0 0.0 1.0 100000.0 0.02
19 0.0 0.0 1.0 100000.0 0.012
20 0.0 0.0 1.0 100000.0 0.02
21 0.0 0.0 1.0 100000.0 0.012
22 0.0 0.0 1.0 100000.0 0.02
23 0.0 0.0 1.0 100000.0 0.012
24 0.0 0.0 1.0 100000.0 0.02
25 0.0 0.0 1.0 100000.0 0.012
0 0.0 0.0 1.0 100000.0 0.02
1 0.0 0.0 1.0 100000.0 0.012
2 0.0 0.0 1.0 100000.0 0.02
3 0.0 0.0 1.0 100000.0 0.012
4 0.0 0.0 1.0 100000.0 0.02
5 0.0 0.0 1.0 100000.0 0.012
6 0.0 0.0 1.0 100000.0 0.02
7 0.0 0.0 1.0 100000.0 0.012
8 0.0 0.0 1.0 100000.0 0.02
9 0.0 0.0 1.0 100000.0 0.012
10 0.0 0.0 1.0 100000.0 0.02
11 0.0 0.0 1.0 100000.0 0.012
12 0.0 0.0 1.0 100000.0 0.02
13 0.0 0.0 1.0 100000.0 0.012
14 0.0 0.0 1.0 100000.0 0.02
15 0.0 0.0 1.0 100000.0 0.012
16 0.0 0.0 1.0 100000.0 0.02
17 0.0 0.0 1.0 100000.0 0.012
18 0.0 0.0 1.0 100000.0 0.02
19 0.0 0.0 1.0 100000.0 0.012
20 0.0 0.0 1.0 100000.0 0.02
21 0.0 0.0 1.0 100000.0 0.012
22 0.0 0.0 1.0 100000.0 0.02
23 0.0 0.0 1.0 100000.0 0.012
24 0.0 0.0 1.0 100000.0 0.02
25 0.0 0.0 1.0 100000.0 0.012
0 0.0 0.0 1.0 100000.0 0.02
1 0.0 0.0 1.0 100000.0 0.012
2 0.0 0.0 1.0 100000.0 0.02
3 0.0 0.0 1.0 100000.0 0.012
4 0.0 0.0 1.0 100000.0 0.02
5 0.0 0.0 1.0 100000.0 0.012
6 0.0 0.0 1.0 100000.0 0.02
7 0.0 0.0 1.0 100000.0 0.012
8 0.0 0.0 1.0 100000.0 0.02
9 0.0 0.0 1.0 100000.0 0.012
10 0.0 0.0 1.0 100000.0 0.02
11 0.0 0.0 1.0 100000.0 0.012
12 0.0 0.0 1.0 100000.0 0.02
13 0.0 0.0 1.0 100000.0 0.012
14 0.0 0.0 1.0 100000.0 0.02
15 0.0 0.0 1.0 100000.0 0.012
16 0.0 0.0 1.0 100000.0 0.02
17 0.0 0.0 1.0 100000.0 0.012
18 0.0 0.0 1.0 100000.0 0.02
19 0.0 0.0 1.0 100000.0 0.012
20 0.0 0.0 1.0 100000.0 0.02
21 0.0 0.0 1.0 100000.0 0.012
22 0.0 0.0 1.0 100000.0 0.02
23 0.0 0.0 1.0 100000.0 0.012
24 0.0 0.0 1.0 100000.0 0.02
25 0.0 0.0 1.0 100000.0 0.012
0 0.0 0.0 1.0 100000.0 0.02
1 0.0 0.0 1.0 100000.0 0.012
2 0.0 0.0 1.0 100000.0 0.02
3 0.0 0.0 1.0 100000.0 0.012
4 0.0 0.0 1.0 100000.0 0.02
5 0.0 0.0 1.0 100000.0 0.012
6 0.0 0.0 1.0 100000.0 0.02
7 0.0 0.0 1.0 100000.0 0.012
8 0.0 0.0 1.0 100000.0 0.02
9 0.0 0.0 1.0 100000.0 0.012
10 0.0 0.0 1.0 100000.0 0.02
11 0.0 0.0 1.0 100000.0 0.012
12 0.0 0.0 1.0 100000.0 0.02
13 0.0 0.0 1.0 100000.0 0.012
14 0.0 0.0 1.0 100000.0 0.02
15 0.0 0.0 1.0 100000.0 0.012
16 0.0 0.0 1.0 100000.0 0.02
17 0.0 0.0 1.0 100000.0 0.012
18 0.0 0.0 1.0 100000.0 0.02
19 0.0 0.0 1.0 100000.0 0.012
20 0.0 0.0 1.0 100000.0 0.02
21 0.0 0.0 1.0 100000.0 0.012
22 0.0 0.0 1.0 100000.0 0.02
23 0.0 0.0 1.0 100000.0 0.012
24 0.0 0.0 1.0 100000.0 0.02
25 0.0 0.0 1.0 100000.0 0.012
0 0.0 0.0 1.0 100000.0 0.02
1 0.0 0.0 1.0 100000.0 0.012
2 0.0 0.0 1.0 100000.0 0.02
3 0.0 0.0 1.0 100000.0 0.012
4 0.0 0.0 1.0 100000.0 0.02
5 0.0 0.0 1.0 100000.0 0.012
6 0.0 0.0 1.0 100000.0 0.02
7 0.0 0.0 1.0 100000.0 0.012
8 0.0 0.0 1.0 100000.0 0.02
9 0.0 0.0 1.0 100000.0 0.012
10 0.0 0.0 1.0 100000.0 0.02
11 0.0 0.0 1.0 100000.0 0.012
12 0.0 0.0 1.0 100000.0 0.02
13 0.0 0.0 1.0 100000.0 0.012
14 0.0 0.0 1.0 100000.0 0.02
15 0.0 0.0 1.0 100000.0 0.012
16 0.0 0.0 1.0 100000.0 0.02
17 0.0 0.0 1.0 100000.0 0.012
18 0.0 0.0 1.0 100000.0 0.02
19 0.0 0.0 1.0 100000.0 0.012
20 0.0 0.0 1.0 100000.0 0.02
21 0.0 0.0 1.0 100000.0 0.012
22 0.0 0.0 1.0 100000.0 0.02
23 0.0 0.0 1.0 100000.0 0.012
24 0.0 0.0 1.0 100000.0 0.02
25 0.0 0.0 1.0 100000.0 0.012
0 0.0 0.0 1.0 100000.0 0.02
1 0.0 0.0 1.0 100000.0 0.012
2 0.0 0.0 1.0 100000.0 0.02
3 0.0 0.0 1.0 100000.0 0.012
4 0.0 0.0 1.0 100000.0 0.02
5 0.0 0.0 1.0 100000.0 0.012
6 0.0 0.0 1.0 100000.0 0.02
7 0.0 0.0 1.0 100000.0 0.012
8 0.0 0.0 1.0 100000.0 0.02
9 0.0 0.0 1.0 100000.0 0.012
10 0.0 0.0 1.0 100000.0 0.02
11 0.0 0.0 1.0 100000.0 0.012
12 0.0 0.0 1.0 100000.0 0.02
13 0.0 0.0 1.0 100000.0 0.012
14 0.0 0.0 1.0 100000.0 0.02
15 0.0 0.0 1.0 100000.0 0.012
16 0.0 0.0 1.0 100000.0 0.02
17 0.0 0.0 1.0 100000.0 0.012
18 0.0 0.0 1.0 100000.0 0.02
19 0.0 0.0 1.0 100000.0 0.012
20 0.0 0.0 1.0 100000.0 0.02
21 0.0 0.0 1.0 100000.0 0.012
22 0.0 0.0 1.0 100000.0 0.02
23 0.0 0.0 1.0 100000.0 0.012
24 0.0 0.0 1.0 100000.0 0.02
25 0.0 0.0 1.0 100000.0 0.012
0 0.0 0.0 1.0 100000.0 0.02
1 0.0 0.0 1.0 100000.0 0.012
2 0.0 0.0 1.0 100000.0 0.02
3 0.0 0.0 1.0 100000.0 0.012
4 0.0 0.0 1.0 100000.0 0.02
5 0.0 0.0 1.0 100000.0 0.012
6 0.0 0.0 1.0 100000.0 0.02
7 0.0 0.0 1.0 100000.0 0.012
8 0.0 0.0 1.0 100000.0 0.02
9 0.0 0.0 1.0 100000.0 0.012
10 0.0 0.0 1.0 100000.0 0.02
11 0.0 0.0 1.0 100000.0 0.012
12 0.0 0.0 1.0 100000.0 0.02
13 0.0 0.0 1.0 100000.0 0.012
14 0.0 0.0 1.0 100000.0 0.02
15 0.0 0.0 1.0 100000.0 0.012
16 0.0 0.0 1.0 100000.0 0.02
17 0.0 0.0 1.0 100000.0 0.012
18 0.0 0.0 1.0 100000.0 0.02
19 0.0 0.0 1.0 100000.0 0.012
20 0.0 0.0 1.0 100000.0 0.02
21 0.0 0.0 1.0 100000.0 0.012
22 0.0 0.0 1.0 100000.0 0.02
23 0.0 0.0 1.0 100000.0 0.012
24 0.0 0.0 1.0 100000.0 0.02
25 0.0 0.0 1.0 100000.0 0.012
0 0.0 0.0 1.0 100000.0 0.02
1 0.0 0.0 1.0 100000.0 0.012
2 0.0 0.0 1.0 100000.0 0.02
3 0.0 0.0 1.0 100000.0 0.012
4 0.0 0.0 1.0 100000.0 0.02
5 0.0 0.0 1.0 100000.0 0.012
6 0.0 0.0 1.0 100000.0 0.02
7 0.0 0.0 1.0 100000.0 0.012
8 0.0 0.0 1.0 100000.0 0.02
9 0.0 0.0 1.0 100000.0 0.012
10 0.0 0.0 1.0 100000.0 0.02
11 0.0 0.0 1.0 100000.0 0.012
12 0.0 0.0 1.0 100000.0 0.02
13 0.0 0.0 1.0 100000.0 0.012
14 0.0 0.0 1.0 100000.0 0.02
15 0.0 0.0 1.0 100000.0 0.012
16 0.0 0.0 1.0 100000.0 0.02
17 0.0 0.0 1.0 100000.0 0.012
18 0.0 0.0 1.0 100000.0 0.02
19 0.0 0.0 1.0 100000.0 0.012
20 0.0 0.0 1.0 100000.0 0.02
21 0.0 0.0 1.0 100000.0 0.012
22 0.0 0.0 1.0 100000.0 0.02
23 0.0 0.0 1.0 100000.0 0.012
24 0.0 0.0 1.0 100000.0 0.02
25 0.0 0.0 1.0 100000.0 0.012
0 0.0 0.0 1.0 100000.0 0.02
1 0.0 0.0 1.0 100000.0 0.012
2 0.0 0.0 1.0 100000.0 0.02
3 0.0 0.0 1.0 100000.0 0.012
4 0.0 0.0 1.0 100000.0 0.02
5 0.0 0.0 1.0 100000.0 0.012
6 0.0 0.0 1.0 100000.0 0.02
7 0.0 0.0 1.0 100000.0 0.012
8 0.0 0.0 1.0 100000.0 0.02
9 0.0 0.0 1.0 100000.0 0.012
10 0.0 0.0 1.0 100000.0 0.02
11 0.0 0.0 1.0 100000.0 0.012
12 0.0 0.0 1.0 100000.0 0.02
13 0.0 0.0 1.0 100000.0 0.012
14 0.0 0.0 1.0 100000.0 0.02
15 0.0 0.0 1.0 100000.0 0.012
16 0.0 0.0 1.0 100000.0 0.02
17 0.0 0.0 1.0 100000.0 0.012
18 0.0 0.0 1.0 100000.0 0.02
19 0.0 0.0 1.0 100000.0 0.012
20 0.0 0.0 1.0 100000.0 0.02
21 0.0 0.0 1.0 100000.0 0.012
22 0.0 0.0 1.0 100000.0 0.02
23 0.0 0.0 1.0 100000.0 0.012
24 0.0 0.0 1.0 100000.0 0.02
25 0.0 0.0 1.0 100000.0 0.012
0 0.0 0.0 1.0 100000.0 0.02
1 0.0 0.0 1.0 100000.0 0.012
2 0.0 0.0 1.0 100000.0 0.02
3 0.0 0.0 1.0 100000.0 0.012
4 0.0 0.0 1.0 100000.0 0.02
5 0.0 0.0 1.0 100000.0 0.012
6 0.0 0.0 1.0 100000.0 0.02
7 0.0 0.0 1.0 100000.0 0.012
8 0.0 0.0 1.0 100000.0 0.02
9 0.0 0.0 1.0 100000.0 0.012
10 0.0 0.0 1.0 100000.0 0.02
11 0.0 0.0 1.0 100000.0 0.012
12 0.0 0.0 1.0 100000.0 0.02
13 0.0 0.0 1.0 100000.0 0.012
14 0.0 0.0 1.0 100000.0 0.02
15 0.0 0.0 1.0 100000.0 0.012
16 0.0 0.0 1.0 100000.0 0.02
17 0.0 0.0 1.0 100000.0 0.012
18 0.0 0.0 1.0 100000.0 0.02
19 0.0 0.0 1.0 100000.0 0.012
20 0.0 0.0 1.0 100000.0 0.02
21 0.0 0.0 1.0 100000.0 0.012
22 0.0 0.0 1.0 100000.0 0.02
23 0.0 0.0 1.0 100000.0 0.012
24 0.0 0.0 1.0 100000.0 0.02
25 0.0 0.0 1.0 100000.0 0.012
0 0.0 0.0 1.0 100000.0 0.02
1 0.0 0.0 1.0 100000.0 0.012
2 0.0 0.0 1.0 100000.0 0.02
3 0.0 0.0 1.0 100000.0 0.012
4 0.0 0.0 1.0 100000.0 0.02
5 0.0 0.0 1.0 100000.0 0.012
6 0.0 0.0 1.0 100000.0 0.02
7 0.0 0.0 1.0 100000.0 0.012
8 0.0 0.0 1.0 100000.0 0.02
9 0.0 0.0 1.0 100000.0 0.012
10 0.0 0.0 1.0 100000.0 0.02
11 0.0 0.0 1.0 100000.0 0.012
12 0.0 0.0 1.0 100000.0 0.02
13 0.0 0.0 1.0 100000.0 0.012
14 0.0 0.0 1.0 100000.0 0.02
15 0.0 0.0 1.0 100000.0 0.012
16 0.0 0.0 1.0 100000.0 0.02
17 0.0 0.0 1.0 100000.0 0.012
18 0.0 0.0 1.0 100000.0 0.02
19 0.0 0.0 1.0 100000.0 0.012
20 0.0 0.0 1.0 100000.0 0.02
21 0.0 0.0 1.0 100000.0 0.012
22 0.0 0.0 1.0 100000.0 0.02
23 0.0 0.0 1.0 100000.0 0.012
24 0.0 0.0 1.0 100000.0 0.02
25 0.0 0.0 1.0 100000.0 0.012
0 0.0 0.0 1.0 100000.0 0.02
1 0.0 0.0 1.0 100000.0 0.012
2 0.0 0.0 1.0 100000.0 0.02
3 0.0 0.0 1.0 100000.0 0.012
4 0.0 0.0 1.0 100000.0 0.02
5 0.0 0.0 1.0 100000.0 0.012
6 0.0 0.0 1.0 100000.0 0.02
7 0.0 0.0 1.0 100000.0 0.012
8 0.0 0.0 1.0 100000.0 0.02
9 0.0 0.0 1.0 100000.0 0.012
10 0.0 0.0 1.0 100000.0 0.02
11 0.0 0.0 1.0 100000.0 0.012
12 0.0 0.0 1.0 100000.0 0.02
13 0.0 0.0 1.0 100000.0 0.012
14 0.0 0.0 1.0 100000.0 0.02
15 0.0 0.0 1.0 100000.0 0.012
16 0.0 0.0 1.0 100000.0 0.02
17 0.0 0.0 1.0 100000.0 0.012
18 0.0 0.0 1.0 100000.0 0.02
19 0.0 0.0 1.0 100000.0 0.012
20 0.0 0.0 1.0 100000.0 0.02
21 0.0 0.0 1.0 100000.0 0.012
22 0.0 0.0 1.0 100000.0 0.02
23 0.0 0.0 1.0 100000.0 0.012
24 0.0 0.0 1.0 100000.0 0.02
25 0.0 0.0 1.0 100000.0 0.012
0 0.0 0.0 1.0 100000.0 0.02
1 0.0 0.0 1.0 100000.0 0.012
2 0.0 0.0 1.0 100000.0 0.02
3 0.0 0.0 1.0 100000.0 0.012
4 0.0 0.0 1.0 100000.0 0.02
5 0.0 0.0 1.0 100000.0 0.012
6 0.0 0.0 1.0 100000.0 0.02
7 0.0 0.0 1.0 100000.0 0.012
8 0.0 0.0 1.0 100000.0 0.02
9 0.0 0.0 1.0 100000.0 0.012
10 0.0 0.0 1.0 100000.0 0.02
11 0.0 0.0 1.0 100000.0 0.012
12 0.0 0.0 1.0 100000.0 0.02
13 0.0 0.0 1.0 100000.0 0.012
14 0.0 0.0 1.0 100000.0 0.02
15 0.0 0.0 1.0 100000.0 0.012
16 0.0 0.0 1.0 100000.0 0.02
17 0.0 0.0 1.0 100000.0 0.012
18 0.0 0.0 1.0 100000.0 0.02
19 0.0 0.0 1.0 100000.0 0.012
20 0.0 0.0 1.0 100000.0 0.02
21 0.0 0.0 1.0 100000.0 0.012
22 0.0 0.0 1.0 100000.0 0.02
23 0.0 0.0 1.0 100000.0 0.012
24 0.0 0.0 1.0 100000.0 0.02
25 0.0 0.0 1.0 100000.0 0.012
18 0.0 0.0 1.0 100000.0 0.02
19 0.0 0.0 1.0 100000.0 0.012
20 0.0 0.0 1.0 100000.0 0.02
21 0.0 0.0 1.0 100000.0 0.012
22 0.0 0.0 1.0 100000.0 0.02
23 0.0 0.0 1.0 100000.0 0.012
